nTasks=30;
nCPUs=10;
rt=[1288.1045468395205 589.2616528993436 1123.9739188725905 3847.9640570606357 2915.4200915408883 2616.4322199680587 2704.797707710931 1128.4291380638979 2938.1054687642645 3751.0543469422105 4660.829379496037 3652.5202088801225 4624.13336117471 3514.5162870647164 2478.579801190118 2188.873876531 817.4077382511014 943.5226964001531 872.8522276368356 3294.083269609341 1540.8721156591218 3553.4076019944678 1127.8518084047378 1008.0995101893358 3604.9304579814298 579.4790632915677 1456.5337289904505 651.2580564425882 3133.1254749853474 738.9538519298577];
rc=[10000.0 10000.0 10000.0 10000.0 10000.0 10000.0 10000.0 10000.0 10000.0 10000.0];
