nTasks=30;
nCPUs=10;
rt=[1558.5927228726794 3880.2213116589164 4224.243215084562 1320.3062785833358 966.0018648834774 2209.9558864763994 4030.5115401650664 1650.3598892710004 3485.6548835540793 4355.630978578416 1849.2563678810538 3824.3430924631557 2177.973992090281 4612.610352668258 956.9498782993909 949.919512789437 4342.361914981454 2325.125217979694 3489.3815591045627 2079.9229449940785 4121.048632274482 4556.73620553571 4739.097601763656 1062.8414157949555 1259.279237712426 807.6438859808582 3054.5562342334297 1562.7446180065829 4470.220857616689 1990.6160006249227];
rc=[10000.0 10000.0 10000.0 10000.0 10000.0 10000.0 10000.0 10000.0 10000.0 10000.0];
