nTasks=30;
nCPUs=10;
rt=[3989.527958385504 2695.037557845327 1355.9786170642064 2420.2732755482043 1708.2242186408644 620.5644037035318 1876.3716061427444 4840.775354015219 4615.391611926309 2237.803825101256 3970.695786125586 2270.25529073036 4979.909502494915 2156.013061304726 3977.5481166101104 2220.781907315069 631.8657987011343 2154.8738207602264 2787.0489383837294 2596.0038732273156 1244.8138018047207 3894.4665215128084 693.9371884450447 912.003384044933 4834.155875712066 935.3522076011757 547.7680711179122 1756.3866862867092 1745.2899601723764 1253.671741380636];
rc=[10000.0 10000.0 10000.0 10000.0 10000.0 10000.0 10000.0 10000.0 10000.0 10000.0];
