nTasks=30;
nCPUs=10;
rt=[3648.46969910568 1210.9295665560214 4788.226677534621 4005.8988327153866 3934.129120825774 2745.2739822018993 2944.5483173047805 1846.167147058456 2563.880869919585 2532.248620308415 1719.472678759022 4057.1719020050264 2523.791370295955 3858.833330267147 2379.7777462739114 1736.0759298836424 3356.857911638486 3601.9087816345873 3795.3839656111745 2997.374476976587 1866.649291695214 1782.1442698175454 3534.425456377155 1110.5635987846224 3991.9149198198124 2702.1141272935015 3947.8197541250283 4506.5808040763895 3056.469023056496 1738.0621739150508];
rc=[10000.0 10000.0 10000.0 10000.0 10000.0 10000.0 10000.0 10000.0 10000.0 10000.0];
