nTasks=30;
nCPUs=10;
rt=[1583.0884034993285 547.2859269975783 3953.6558478423335 2700.856016561711 4734.9785264385455 4077.5110558250435 1046.3277086048888 4253.908237711981 4018.6740378275085 2727.378462995758 1283.384109981926 1725.693019750143 3677.823773570179 4923.253157397263 2659.1791045854497 3278.0000202381625 1650.4313986837656 4309.725044083221 993.3536941577653 706.6416702212512 1015.7828522853221 1108.4340345589196 3994.75977612024 1936.2961982747784 1445.3891462080612 2883.8887550391046 3877.1132643594065 1395.9441379261375 2628.044630318465 2402.378565260022];
rc=[10000.0 10000.0 10000.0 10000.0 10000.0 10000.0 10000.0 10000.0 10000.0 10000.0];
