nTasks=30;
nCPUs=10;
rt=[3046.6015666628546 1181.0973833435476 2178.797411365683 3857.9470957512217 2965.310621683476 2295.0710630125604 3073.7455129236846 2597.7548616464824 2399.845524297722 2563.320964933184 1611.4257214588122 643.8762166854851 2998.6200632747987 3168.711674252906 4563.129172487394 1540.126769713271 4766.865332283854 2584.1610259450704 3871.8229259635423 2972.2686367648384 2814.065456431953 2097.0349485677616 3187.958297260818 1604.506180528641 2246.7155673589036 2071.4754444834834 3424.166880885553 3990.311335308395 1008.4207592253126 2373.36989665944];
rc=[10000.0 10000.0 10000.0 10000.0 10000.0 10000.0 10000.0 10000.0 10000.0 10000.0];
