nTasks=30;
nCPUs=10;
rt=[3046.857877401344 4012.949269677135 3495.3970597674893 2811.104757593393 3575.6356603351146 4600.586204288548 4947.4580185379 4720.36291017647 4140.498605514047 3092.82442149324 3519.426482050784 3335.2526504425655 893.2914027395082 4393.582054710584 668.2398031843368 719.5913485000359 860.6945533036485 4967.736282386243 914.1511032118677 1982.6779608544366 797.4748258130185 4852.753623504526 1615.3688975087496 980.125328741969 2745.6750212382553 3994.1571319251757 656.1959189801976 1036.1257435618463 999.744272262313 2716.7275067533537];
rc=[10000.0 10000.0 10000.0 10000.0 10000.0 10000.0 10000.0 10000.0 10000.0 10000.0];
