nTasks=30;
nCPUs=10;
rt=[1849.7863517422463 1526.2084515701874 2725.955348850932 1755.8046429184917 4966.663305150753 1134.1536705788371 2246.9338938007336 2714.765119171864 4685.839377113066 1973.7761120425218 1013.8369460880816 1045.8345348330672 3720.716676321364 1957.8708495075928 726.3284117259371 633.1961420406209 2929.878937072449 2281.6426999273717 2729.7620207032337 4114.005772340278 2215.074022878075 3873.6368283744487 3791.6610700098017 3826.1517689577868 1115.1264567025332 4872.195820381693 4621.288338320065 4928.868780681099 4087.7979819682896 883.2332053632125];
rc=[10000.0 10000.0 10000.0 10000.0 10000.0 10000.0 10000.0 10000.0 10000.0 10000.0];
