nTasks=30;
nCPUs=10;
rt=[650.5871617339922 609.1931827450859 4736.810275403379 3957.678647644105 1337.8198957053262 2839.064677680269 4359.964942474047 1838.957504315923 3106.2138699401876 2929.1075550797154 622.3844266115397 1280.684472404544 3883.3201132181166 3165.5635649843807 3141.215904422322 976.3535290594309 4108.838091473463 1991.1639933785455 4224.300870386208 1253.155368291587 1010.220628832278 842.2461204407057 2974.7898130469866 2991.916033468733 2711.456849490973 2240.0069164815295 1946.4486515137069 759.3804453425175 2327.800743885071 2422.486932026538];
rc=[10000.0 10000.0 10000.0 10000.0 10000.0 10000.0 10000.0 10000.0 10000.0 10000.0];
