nTasks=30;
nCPUs=10;
rt=[4047.229677606232 2657.4373055930077 4347.620047348417 2334.7791610129652 1805.43454680497 3823.9915795879233 3793.2063734059257 3605.800224195052 3967.973449769753 4468.779685965787 2950.968202442122 994.5383080800932 654.2669009780464 4156.254417666516 2067.1717987839443 2878.1968976417206 804.7203701819805 2765.501033265978 3452.711644872851 4735.118365436303 2676.7314701415517 4501.080678633203 3298.902566876547 4056.8656513294654 4023.716507632309 4254.399254271895 4419.8821422372075 1449.2972932600624 1773.604977281011 4263.93785218526];
rc=[10000.0 10000.0 10000.0 10000.0 10000.0 10000.0 10000.0 10000.0 10000.0 10000.0];
